sys: 0.357000 ms
lib: 0.360000 ms