sys: 0.424000 ms
lib: 0.437000 ms