sys: 0.335000 ms
lib: 0.386000 ms