sys: 0.328000 ms
lib: 0.254000 ms