sys: 0.975000 ms
lib: 0.709000 ms